[Light]
color = 192, 192, 192
k_a = 0.23125
k_d = 0.2775
k_s = 0.773911
n = 90